%YAML:1.0
---
camera_matrix: !!opencv-matrix
   rows: 3
   cols: 3
   dt: d
   data: [ 4.5649262161398320e+02, 0., 3.2123374639372292e+02, 0.,
       4.5649262161398320e+02, 2.4167711845342072e+02, 0., 0., 1. ]
distortion_coefficients: [ 1.3207692858274250e-01,
    2.5422218534499685e-01, -2.1893480360402656e-04,
    1.0224731935785487e-04, -2.7644339302622640e+00 ]
