%YAML:1.0
---
camera_matrix: !!opencv-matrix
   rows: 3
   cols: 3
   dt: d
   data: [ 4.9924985997798558e+02, 0., 3.2351866575364693e+02, 0.,
       4.9924985997798558e+02, 2.4137567397252639e+02, 0., 0., 1. ]
distortion_coefficients: [ 1.6934828684560110e-01,
    -1.6570606319145778e-01, 1.5599246334196066e-03,
    -2.4494896305460525e-05, -1.9445469565882578e-01 ]
