%YAML:1.0
---
camera_matrix: !!opencv-matrix
   rows: 3
   cols: 3
   dt: d
   data: [ 4.6398310275061812e+02, 0., 3.2155204999562307e+02, 0.,
       4.6398310275061812e+02, 2.4253790894448053e+02, 0., 0., 1. ]
distortion_coefficients: [ 1.6134664295566870e-01,
    -1.0666385957488954e-01, -4.7238539282750682e-05,
    7.8176096124106379e-04, -1.5752752536401022e+00 ]
