%YAML:1.0
---
camera_matrix: !!opencv-matrix
   rows: 3
   cols: 3
   dt: d
   data: [ 4.8093145478458302e+02, 0., 3.2453715059176938e+02, 0.,
       4.8093145478458302e+02, 2.2213121149385950e+02, 0., 0., 1. ]
distortion_coefficients: [ 2.6565693448230215e-01,
    -1.1657654749211983e+00, -6.7517369117605893e-03,
    2.0825764200884276e-03, 1.5377456775061553e+00 ]
