%YAML:1.0
---
camera_matrix: !!opencv-matrix
   rows: 3
   cols: 3
   dt: d
   data: [ 4.2532499232721693e+02, 0., 3.2412008635708094e+02, 0.,
       4.2532499232721693e+02, 2.4459445739001103e+02, 0., 0., 1. ]
distortion_coefficients: [ 7.0818392760014975e-02,
    -2.2088526316016116e-01, -3.2934523976930886e-03,
    -1.0019410654712209e-04, 2.3166813675159451e-01 ]
